301
78
10
289
99
10
313
99
10
277
120
10
301
120
10
325
120
10
265
141
10
289
141
10
313
141
10
337
141
10
157
162
10
181
162
10
205
162
10
229
162
10
253
162
10
277
162
10
301
162
10
325
162
10
349
162
10
373
162
10
397
162
10
421
162
10
445
162
10
169
183
10
193
183
10
217
183
10
241
183
10
265
183
10
289
183
10
313
183
10
337
183
10
361
183
10
385
183
10
409
183
10
433
183
10
181
205
10
205
205
10
229
205
10
253
205
10
277
205
10
301
205
10
325
205
10
349
205
10
373
205
10
397
205
10
421
205
10
193
227
10
217
227
10
241
227
10
265
227
10
289
227
10
313
227
10
337
227
10
361
227
10
385
227
10
409
227
10
205
248
10
229
248
10
253
248
10
277
248
10
301
248
10
325
248
10
349
248
10
373
248
10
397
248
10
193
270
10
217
270
10
241
270
10
265
270
10
289
270
10
313
270
10
337
270
10
361
270
10
385
270
10
409
270
10
181
290
10
205
290
10
229
290
10
253
290
10
277
290
10
301
290
10
325
290
10
349
290
10
373
290
10
397
290
10
421
290
10
169
312
10
193
312
10
217
312
10
241
312
10
265
312
10
289
312
10
313
312
10
337
312
10
361
312
10
385
312
10
409
312
10
433
312
10
155
335
10
178
335
10
202
335
10
226
335
10
250
335
10
274
335
10
298
335
10
322
335
10
349
335
10
373
335
10
397
335
10
421
335
10
445
335
10
260
356
10
284
356
10
308
356
10
332
356
10
274
378
10
298
378
10
322
378
10
285
399
10
310
399
10
298
420
10